1@ARLE_A1:50	3.731	0.981	1.661	5.801
1@INMO_C3:50	2.475	0.388	1.658	3.293
1@KSSH_A4:50	3.544	2.107	-0.901	7.990
1@KSSH_C3:50	3.472	1.275	0.782	6.163
1@MISTJ_D5:50	7.00	1.97	2.85	11.15
1@MIVB_A6:50	4.61	1.58	1.28	7.93
1@MIVB_G7:50	11.43	6.76	-2.83	25.68
1@Mo4a:50	2.908	0.737	1.353	4.462
1@STJ_7P2ss:50	3.59	1.17	1.10	6.08
10@ARLE_B2:50	3.680	0.537	2.546	4.813
10@Ber1-9:50	3.439	0.389	2.618	4.259
10@INMO_A6:50	4.473	0.818	2.748	6.199
10@INMO_E1:50	3.160	0.408	2.299	4.021
10@KSSH_C5:50	3.428	0.532	2.306	4.549
10@KSSH_G2:50	3.728	0.605	2.452	5.005
10@MIBer_A1:50	3.792	0.473	2.795	4.790
10@MIBer_B4:50	3.744	0.579	2.523	4.966
10@MIBer_F3:50	3.747	0.553	2.579	4.914
10@MIIN_B7:50	2.318	0.176	1.948	2.689
10@MIVB_A1:50	3.201	0.372	2.416	3.987
10@MIVB_C1:50	3.785	0.501	2.728	4.841
10@Mo1a_2:50	3.705	0.497	2.657	4.753
11@ARLE_C3a:50	17.7	17.2	-18.5	53.9
11@MIBer_A5:50	3.96	4.35	-5.22	13.14
11@MISTJ_E4:50	4.002	1.478	0.884	7.121
11@MISTJ_F6:50	4.50	1.06	2.25	6.74
11@STJ_3a:50	3.548	0.997	1.445	5.650
12@ARLE_C1:50	2.585	0.143	2.283	2.887
12@INMO_A3:50	2.670	0.248	2.145	3.194
12@INMO_F1:50	4.73	1.12	2.36	7.10
12@KSSH_A1:50	3.275	0.357	2.523	4.028
12@KSSH_A2:50	2.172	0.182	1.789	2.555
12@MISTJ_C6:50	2.428	0.446	1.486	3.370
12@MITU_B1:50	4.011	1.463	0.925	7.098
12@MITU_C2:50	2.125	0.201	1.702	2.549
12@MIVB_A5:50	3.793	0.445	2.854	4.733
12@Mo2a:50	2.59	0.16	2.26	2.93
13@13Fv163:50	2.470	0.165	2.116	2.825
13@13Fv182:50	2.299	0.285	1.687	2.912
13@13Fv185:50	3.525	0.372	2.726	4.323
13@13Fv186:50	2.152	0.227	1.665	2.640
13@13Fv193:50	3.712	0.479	2.685	4.739
13@13Fv196:50	3.182	0.292	2.555	3.809
13@14Fv1:50	5.235	0.865	3.380	7.091
13@14Fv12:50	2.813	0.227	2.325	3.300
13@14Fv14:50	2.24	0.17	1.88	2.60
13@14Fv21:50	2.814	0.224	2.333	3.295
13@14Fv26:50	2.62	0.25	2.08	3.15
13@14Fv9:50	2.608	0.256	2.059	3.156
14@ARLE_C2:50	2.342	0.305	1.699	2.985
14@Ca1a:50	4.47	1.40	1.52	7.42
14@DB_P30R5:50	2.904	0.337	2.194	3.615
14@Hu-11-1:50	2.344	0.244	1.830	2.859
14@KSSH_A7:50	2.348	0.311	1.693	3.004
14@MIBer_A6:50	3.798	0.812	2.084	5.512
14@MIIN_B7:50	2.038	0.227	1.559	2.517
14@MISTJ_D6:50	1.21	18.93	-38.73	41.15
14@MISTJ_E4:50	2.298	0.229	1.814	2.781
14@Mont1:50	9.34	2.00	5.11	13.57
14@VB-1:50	2.448	0.274	1.869	3.026
2@AL1a:50	3.095	0.488	2.067	4.124
2@AL1b:50	2.482	0.434	1.565	3.398
2@INMO_F1:50	2.501	0.332	1.794	3.208
2@KSSH_A2:50	2.837	0.397	1.998	3.675
2@MIBer_D1:50	3.52	NaN	NaN	NaN
2@MITU_A3:50	2.92	0.41	2.05	3.78
2@MITU_B1:50	3.422	1.780	-0.332	7.177
2@MITU_C3a:50	3.734	0.825	1.993	5.475
2@MIVB_A5:50	1.205	0.110	0.963	1.447
2@MIVB_B4:50	2.120	0.613	0.771	3.468
2@Mo1a:50	3.367	0.493	2.326	4.408
2@Mo2a:50	2.273	0.424	1.378	3.168
2@ST-11-1:50	2.540	0.272	1.967	3.114
3@ARLE_C1:50	3.784	1.498	0.623	6.945
3@INMO_B6:50	2.370	0.415	1.490	3.249
3@KA-11-1:50	4.90	0.54	3.76	6.04
3@LE-11-1:50	6.674	3.600	-0.957	14.305
3@MIBer_B3:50	3.658	0.441	2.728	4.588
3@MIBer_E4:50	24.3	68.1	-119.5	168.1
3@MIBer_E6:50	3.74	0.79	2.08	5.41
3@MIBer_F7:50	4.55	1.30	1.79	7.31
3@MISTJ_A1:50	4.12	1.03	1.94	6.31
3@MISTJ_A3:50	3.61	2.66	-2.06	9.28
3@MITU_C3_b:50	5.148	0.862	3.328	6.967
3@Mo1b:50	4.067	0.644	2.709	5.424
3@SA-11-2b:50	3.051	0.367	2.276	3.826
4@ARLE_B3:50	4.066	1.555	0.769	7.363
4@Ca1a:50	5.45	1.44	2.40	8.50
4@Ca2a:50	4.296	1.658	0.798	7.794
4@Hu-11-1:50	2.390	0.339	1.672	3.108
4@INMO_B5:50	2.367	0.244	1.852	2.881
4@INMO_C1:50	3.71	1.07	1.44	5.97
4@MIBer_A2:50	1.938	0.255	1.399	2.476
4@MIBer_A3:50	3.68	1.21	1.12	6.24
4@MIBer_B5:50	1.746	0.272	1.173	2.319
4@MISA_A3:50	2.962	0.597	1.702	4.223
4@MISTJ_C7:50	2.713	0.347	1.981	3.445
4@MITU_A2:50	3.69	1.06	1.45	5.93
4@STJ3b:50	1.529	0.114	1.288	1.770
5@INMO_A3:50	3.136	0.542	1.993	4.280
5@INMO_B2:50	2.754	0.484	1.733	3.774
5@INMO_E5:50	3.78	1.22	1.20	6.36
5@INMO_G6:50	2.616	0.298	1.988	3.245
5@KSSH_A1:50	3.790	0.578	2.570	5.010
5@KSSH_C2:50	1.983	0.193	1.575	2.390
5@KSSH_C4:50	3.68	0.85	1.88	5.47
5@KSSH_F4:50	2.35	11.41	-21.73	26.42
5@MIBer_B3:50	4.008	0.708	2.513	5.502
5@MIBer_E6:50	3.177	0.459	2.209	4.144
5@MIBer_F4:50	3.488	0.426	2.589	4.388
5@MISTJ_A2:50	3.553	0.558	2.376	4.731
5@MIVB_B3:50	2.496	0.386	1.678	3.314
6@ARLE_G7:50	3.224	0.697	1.755	4.694
6@DB_P30R7:50	1.844	0.267	1.280	2.408
6@INMO_A1:50	3.062	0.483	2.044	4.081
6@INMO_A5:50	2.222	0.193	1.815	2.630
6@INMO_B6:50	2.114	0.205	1.682	2.547
6@INMO_C4:50	578	NaN	NaN	NaN
6@INMO_D1:50	3.253	0.387	2.438	4.069
6@INMO_F2:50	4.028	0.342	3.307	4.749
6@KSSH_A7:50	1.170	0.484	0.150	2.191
6@MISTJ_A1:50	3.531	0.421	2.642	4.420
6@MISTJ_C6:50	3.545	0.487	2.518	4.572
6@MITU_A1:50	2.724	0.515	1.637	3.811
6@MITU_C2:50	2.60	0.31	1.95	3.26
7@ARLE_C2:50	1.476	0.789	-0.190	3.141
7@Ca2b:50	41.4	59.2	-83.5	166.4
7@KA-11-1:50	2.59	4.94	-7.82	13.01
7@KSSH_C3:50	5.030	1.993	0.826	9.235
7@KSSH_E4:50	3.595	0.995	1.495	5.695
7@MIBer_F6:50	3.240	0.592	1.992	4.489
7@MIBer_F7:50	2.26	6.44	-10.78	15.30
7@MIBer_out:50	12.8	15.7	-20.5	46.1
7@MISA_A1:50	4.47	1.12	2.11	6.82
7@MIVB_B5:50	3.71	4.58	-5.95	13.38
7@Mo1b:50	4.587	0.487	3.601	5.572
7@Mont1:50	4.51	1.39	1.56	7.45
7@SA-11-2b:50	4.960	2.633	-0.595	10.515
8@ARLE_C1:50	4.23	1.15	1.79	6.66
8@ARLE_G4:50	3.70	1.02	1.54	5.86
8@Ber1-5:50	2.453	0.722	0.930	3.976
8@DB_P30R5:50	3.140	0.804	1.445	4.836
8@MIBer_A6:50	5.040	2.225	0.345	9.735
8@MIBer_B1:50	3.099	1.102	0.774	5.423
8@MIBer_B2:50	4.630	1.829	0.772	8.489
8@MIBer_E4:50	7.70	3.00	1.37	14.03
8@MISTJ_E4a:50	2.268	0.327	1.579	2.957
8@MITU_C1:50	4.93	1.36	2.06	7.79
8@MITU_C3a:50	2.922	0.994	0.826	5.019
8@MIVB_D5:50	2.051	0.384	1.240	2.861
8@Mo5a:50	2.68	0.37	1.90	3.46
9@CL-11-1:50	3.447	0.643	2.091	4.803
9@DB_P28R13:50	1.692	0.158	1.358	2.026
9@INMO_A2:50	3.414	1.441	0.373	6.454
9@INMO-G3:50	3.881	0.497	2.832	4.930
9@MISA-B6:50	3.664	1.627	0.232	7.097
9@MISTJ_A3:50	2.883	0.378	2.085	3.681
9@MISTJ-D6:50	9.28	2.16	4.72	13.84
9@MITU-A4:50	3.457	0.518	2.364	4.549
9@MITU-A5:50	3.412	0.418	2.530	4.294
9@MIVB-A7:50	3.660	0.407	2.802	4.518
9@Mo3a:50	4.385	0.923	2.437	6.333
9@Mo4c_2:50	3.185	0.472	2.189	4.181
9@VB-1:50	3.518	0.515	2.430	4.605
