Strain	Conc	Area1	Area2	RelArea	Set
ARLE_C1	0	0.53	2.49	1.96	3
ARLE_C1	0	0.61	3.91	3.3	3
ARLE_C1	0	0.58	2.79	2.21	3
ARLE_C1	1	0.39	4.37	3.98	3
ARLE_C1	1	0.46	4.24	3.78	3
ARLE_C1	1	0.21	4.45	4.24	3
ARLE_C1	5	0.23	1.07	0.84	3
ARLE_C1	5	0.22	1.19	0.97	3
ARLE_C1	5	0.17	0.98	0.81	3
ARLE_C1	10	0.12	0.65	0.53	3
ARLE_C1	10	0.14	0.92	0.78	3
ARLE_C1	10	0.26	1.15	0.89	3
ARLE_C1	50	0.11	0.41	0.3	3
ARLE_C1	50	0.12	0.3	0.18	3
ARLE_C1	50	0.14	0.41	0.27	3
ARLE_C1	100	0.14	0.5	0.36	3
ARLE_C1	100	0.17	0.52	0.35	3
ARLE_C1	100	0.17	1.41	1.24	3
ARLE_C1	200	0.21	0.9	0.69	3
ARLE_C1	200	0.29	1.22	0.93	3
ARLE_C1	200	0.26	0.89	0.63	3
INMO_B6	0	0.71	5.95	5.24	3
INMO_B6	0	0.54	4.05	3.51	3
INMO_B6	0	0.82	7.16	6.34	3
INMO_B6	1	0.3	4.22	3.92	3
INMO_B6	1	0.37	3.62	3.25	3
INMO_B6	1	0.32	3.66	3.34	3
INMO_B6	5	0.17	0.8	0.63	3
INMO_B6	5	0.2	1.16	0.96	3
INMO_B6	5	0.16	0.87	0.71	3
INMO_B6	10	0.21	0.92	0.71	3
INMO_B6	10	0.16	0.66	0.5	3
INMO_B6	10	0.29	1.17	0.88	3
INMO_B6	50	0.18	0.54	0.36	3
INMO_B6	50	0.15	0.41	0.26	3
INMO_B6	100	0.17	0.54	0.37	3
INMO_B6	100	0.17	0.66	0.49	3
INMO_B6	100	0.18	0.62	0.44	3
INMO_B6	200	0.17	0.64	0.47	3
INMO_B6	200	0.15	0.54	0.39	3
INMO_B6	200	0.15	0.57	0.42	3
KA-11-1	0	0.39	1.51	1.12	3
KA-11-1	0	0.7	2.27	1.57	3
KA-11-1	0	0.58	1.89	1.31	3
KA-11-1	1	0.23	1.8	1.57	3
KA-11-1	1	0.23	1.99	1.76	3
KA-11-1	1	0.21	2.03	1.82	3
KA-11-1	5	0.12	0.8	0.68	3
KA-11-1	5	0.14	0.84	0.7	3
KA-11-1	5	0.11	0.71	0.6	3
KA-11-1	10	0.11	0.42	0.31	3
KA-11-1	10	0.11	0.42	0.31	3
KA-11-1	10	0.14	0.51	0.37	3
KA-11-1	50	0.07	0.3	0.23	3
KA-11-1	50	0.09	0.43	0.34	3
KA-11-1	50	0.08	0.29	0.21	3
KA-11-1	100	0.1	0.44	0.34	3
KA-11-1	100	0.09	0.67	0.58	3
KA-11-1	100	0.11	0.39	0.28	3
KA-11-1	200	0.08	0.5	0.42	3
KA-11-1	200	0.11	0.31	0.2	3
KA-11-1	200	0.08	0.46	0.38	3
MIBer_B3	0	0.7	5.66	4.96	3
MIBer_B3	0	0.59	4.15	3.56	3
MIBer_B3	0	0.77	5.1	4.33	3
MIBer_B3	1	0.17	4.11	3.94	3
MIBer_B3	1	0.23	3.91	3.68	3
MIBer_B3	1	0.29	4.57	4.28	3
MIBer_B3	5	0.1	0.9	0.8	3
MIBer_B3	5	0.11	1.05	0.94	3
MIBer_B3	5	0.17	0.86	0.69	3
MIBer_B3	10	0.08	0.6	0.52	3
MIBer_B3	10	0.13	0.72	0.59	3
MIBer_B3	10	0.09	0.72	0.63	3
MIBer_B3	50	0.09	0.34	0.25	3
MIBer_B3	50	0.11	0.39	0.28	3
MIBer_B3	50	0.11	0.23	0.12	3
MIBer_B3	100	0.15	0.38	0.23	3
MIBer_B3	100	0.07	0.41	0.34	3
MIBer_B3	100	0.08	0.42	0.34	3
MIBer_B3	200	0.11	0.44	0.33	3
MIBer_B3	200	0.13	0.28	0.15	3
MIBer_B3	200	0.09	0.34	0.25	3
MIBer_E4	0	0.84	3.05	2.21	3
MIBer_E4	0	0.73	2.87	2.14	3
MIBer_E4	0	0.85	2.28	1.43	3
MIBer_E4	1	0.49	1.97	1.48	3
MIBer_E4	1	0.5	1.95	1.45	3
MIBer_E4	1	0.6	2.44	1.84	3
MIBer_E4	5	0.13	2.17	2.04	3
MIBer_E4	5	0.26	1.46	1.2	3
MIBer_E4	5	0.27	2.04	1.77	3
MIBer_E4	10	0.15	1.32	1.17	3
MIBer_E4	10	0.18	1.94	1.76	3
MIBer_E4	10	0.13	1.16	1.03	3
MIBer_E4	50	0.11	0.79	0.68	3
MIBer_E4	50	0.1	1.07	0.97	3
MIBer_E4	50	0.09	0.73	0.64	3
MIBer_E4	100	0.16	1.49	1.33	3
MIBer_E4	100	0.13	0.71	0.58	3
MIBer_E4	100	0.1	0.8	0.7	3
MIBer_E4	200	0.15	1.2	1.05	3
MIBer_E4	200	0.12	0.74	0.62	3
MIBer_E4	200	0.13	0.87	0.74	3
MIBer_E6	0	0.65	4.14	3.49	3
MIBer_E6	0	0.72	2.75	2.03	3
MIBer_E6	0	0.58	3.08	2.5	3
MIBer_E6	1	0.3	4.08	3.78	3
MIBer_E6	1	0.24	3.56	3.32	3
MIBer_E6	1	0.29	4.19	3.9	3
MIBer_E6	5	0.19	0.91	0.72	3
MIBer_E6	5	0.18	0.84	0.66	3
MIBer_E6	5	0.22	1.14	0.92	3
MIBer_E6	10	0.17	0.7	0.53	3
MIBer_E6	10	0.17	1.17	1	3
MIBer_E6	10	0.18	0.71	0.53	3
MIBer_E6	50	0.13	0.4	0.27	3
MIBer_E6	50	0.16	0.35	0.19	3
MIBer_E6	50	0.14	0.3	0.16	3
MIBer_E6	100	0.14	0.4	0.26	3
MIBer_E6	100	0.11	0.61	0.5	3
MIBer_E6	100	0.13	0.52	0.39	3
MIBer_E6	200	0.18	0.64	0.46	3
MIBer_E6	200	0.27	0.71	0.44	3
MIBer_E6	200	0.17	0.53	0.36	3
MISTJ_A1	0	0.69	4.69	4	3
MISTJ_A1	0	0.58	3.79	3.21	3
MISTJ_A1	0	0.58	2.47	1.89	3
MISTJ_A1	1	0.18	4.57	4.39	3
MISTJ_A1	1	0.21	3.97	3.76	3
MISTJ_A1	1	0.13	5.1	4.97	3
MISTJ_A1	5	0.16	1.15	0.99	3
MISTJ_A1	5	0.26	1.27	1.01	3
MISTJ_A1	10	0.14	0.63	0.49	3
MISTJ_A1	10	0.16	0.67	0.51	3
MISTJ_A1	10	0.15	0.68	0.53	3
MISTJ_A1	50	0.13	0.26	0.13	3
MISTJ_A1	50	0.08	0.19	0.11	3
MISTJ_A1	50	0.09	0.47	0.38	3
MISTJ_A1	100	0.09	0.33	0.24	3
MISTJ_A1	100	0.11	1.22	1.11	3
MISTJ_A1	100	0.08	0.36	0.28	3
MISTJ_A1	200	0.1	0.33	0.23	3
MISTJ_A1	200	0.12	0.38	0.26	3
MISTJ_A1	200	0.09	0.41	0.32	3
MISTJ_A3	0	0.55	4.63	4.08	3
MISTJ_A3	0	0.38	3.74	3.36	3
MISTJ_A3	0	0.67	2.54	1.87	3
MISTJ_A3	1	0.29	4.4	4.11	3
MISTJ_A3	1	0.28	3.79	3.51	3
MISTJ_A3	1	0.28	4.14	3.86	3
MISTJ_A3	5	0.16	0.97	0.81	3
MISTJ_A3	5	0.14	0.86	0.72	3
MISTJ_A3	5	0.14	0.86	0.72	3
MISTJ_A3	10	0.14	0.83	0.69	3
MISTJ_A3	10	0.13	0.88	0.75	3
MISTJ_A3	10	0.16	0.83	0.67	3
MISTJ_A3	50	0.12	0.52	0.4	3
MISTJ_A3	50	0.09	0.59	0.5	3
MISTJ_A3	100	0.08	0.63	0.55	3
MISTJ_A3	100	0.03	0.3	0.27	3
MISTJ_A3	100	0.09	0.77	0.68	3
MISTJ_A3	200	0.1	0.47	0.37	3
MISTJ_A3	200	0.13	0.66	0.53	3
SA-11-2b	0	0.69	5.22	4.53	3
SA-11-2b	0	0.61	5.16	4.55	3
SA-11-2b	0	0.53	4.71	4.18	3
SA-11-2b	1	0.27	4.12	3.85	3
SA-11-2b	1	0.21	3.42	3.21	3
SA-11-2b	1	0.27	3.83	3.56	3
SA-11-2b	5	0.16	0.98	0.82	3
SA-11-2b	5	0.16	1.06	0.9	3
SA-11-2b	5	0.17	1.01	0.84	3
SA-11-2b	10	0.11	0.78	0.67	3
SA-11-2b	10	0.14	0.91	0.77	3
SA-11-2b	10	0.13	0.94	0.81	3
SA-11-2b	50	0.15	0.57	0.42	3
SA-11-2b	50	0.15	0.74	0.59	3
SA-11-2b	50	0.12	0.67	0.55	3
SA-11-2b	100	0.15	0.45	0.3	3
SA-11-2b	100	0.15	0.51	0.36	3
SA-11-2b	100	0.14	0.51	0.37	3
SA-11-2b	200	0.2	0.56	0.36	3
SA-11-2b	200	0.27	0.61	0.34	3
SA-11-2b	200	0.13	0.5	0.37	3
KSSH_C3	0	0.61	4.93	4.32	1
KSSH_C3	0	0.35	5.29	4.94	1
KSSH_C3	0	0.44	5.43	4.99	1
KSSH_C3	0.1	0.62	4.19	3.57	1
KSSH_C3	0.1	0.64	4.7	4.06	1
KSSH_C3	0.1	0.61	4.77	4.16	1
KSSH_C3	0.5	0.33	4.07	3.74	1
KSSH_C3	0.5	0.34	4.55	4.21	1
KSSH_C3	0.5	0.37	3.76	3.39	1
KSSH_C3	1	0.2	5.14	4.94	1
KSSH_C3	1	0.23	3.59	3.36	1
KSSH_C3	1	0.19	3.66	3.47	1
KSSH_C3	5	0.19	1.15	0.96	1
KSSH_C3	5	0.16	1.06	0.9	1
KSSH_C3	5	0.2	1	0.8	1
KSSH_C3	10	0.17	0.94	0.77	1
KSSH_C3	10	0.19	0.81	0.62	1
KSSH_C3	10	0.14	0.95	0.81	1
KSSH_C3	50	0.15	0.66	0.51	1
KSSH_C3	50	0.16	0.53	0.37	1
KSSH_C3	50	0.17	0.74	0.57	1
MIBer_F7	0	0.72	3.19	2.47	7
MIBer_F7	0	0.71	3.33	2.62	7
MIBer_F7	0	0.52	2.73	2.21	7
MIBer_F7	1	0.18	3.11	2.93	7
MIBer_F7	1	0.2	2.71	2.51	7
MIBer_F7	1	0.16	2.13	1.97	7
MIBer_F7	5	0.1	0.55	0.45	7
MIBer_F7	5	0.07	0.94	0.87	7
MIBer_F7	5	0.08	0.59	0.51	7
MIBer_F7	10	0.09	0.49	0.4	7
MIBer_F7	10	0.1	1.01	0.91	7
MIBer_F7	10	0.1	0.84	0.74	7
MIBer_F7	25	0.12	1.09	0.97	7
MIBer_F7	25	0.08	1.01	0.93	7
MIBer_F7	25	0.08	0.81	0.73	7
MIBer_F7	50	0.06	0.6	0.54	7
MIBer_F7	50	0.06	0.35	0.29	7
MIBer_F7	50	0.07	0.6	0.53	7
MIBer_F7	100	0.06	0.71	0.65	7
MIBer_F7	100	0.06	0.67	0.61	7
MIBer_F7	100	0.04	0.37	0.33	7
Mo1b	0	1.13	4.27	3.14	7
Mo1b	0	1.15	4.05	2.9	7
Mo1b	0	1.1	4.35	3.25	7
Mo1b	1	0.5	3.64	3.14	7
Mo1b	1	0.6	4.46	3.86	7
Mo1b	1	0.55	4.56	4.01	7
Mo1b	5	0.17	1.38	1.21	7
Mo1b	5	0.11	1.07	0.96	7
Mo1b	5	0.14	1.54	1.4	7
Mo1b	10	0.12	0.98	0.86	7
Mo1b	10	0.11	0.78	0.67	7
Mo1b	10	0.13	0.7	0.57	7
Mo1b	25	0.13	0.82	0.69	7
Mo1b	25	0.13	1	0.87	7
Mo1b	25	0.15	0.86	0.71	7
Mo1b	50	0.11	0.72	0.61	7
Mo1b	50	0.09	0.55	0.46	7
Mo1b	50	0.09	0.47	0.38	7
Mo1b	100	0.13	1.13	1	7
Mo1b	100	0.11	0.78	0.67	7
Mo1b	100	0.12	0.75	0.63	7